ingredient_id       528       531       534  ...       784       794  894
ingredient_id                                ...                         
528                 NaN  0.223881  0.104762  ...  0.036364  0.075949  0.0
531            0.223881       NaN  0.084906  ...  0.000000  0.037037  0.0
534            0.104762  0.084906       NaN  ...  0.034483  0.053571  0.0
535            0.063953  0.076923  0.213483  ...  0.046667  0.081871  0.0
553            0.027523  0.047170  0.141732  ...  0.088608  0.045872  0.0
559            0.015625  0.049180  0.042553  ...  0.000000  0.080645  0.0
563            0.000000  0.046154  0.030303  ...  0.023810  0.028986  0.0
564            0.056180  0.044944  0.049587  ...  0.014925  0.043478  0.0
565            0.038462  0.025641  0.045872  ...  0.078431  0.037500  0.0
592            0.224299  0.181818  0.171429  ...  0.019417  0.047244  0.0
606            0.185714  0.108108  0.104762  ...  0.000000  0.062500  0.0
616            0.160714  0.103448  0.065217  ...  0.000000  0.063492  0.0
622            0.032609  0.021739  0.132743  ...  0.078125  0.043011  0.0
623            0.025000  0.031646  0.094444  ...  0.061538  0.031056  0.0
633            0.000000  0.016949  0.068182  ...  0.000000  0.000000  0.0
652            0.000000  0.036364  0.011111  ...  0.000000  0.176471  0.0
661            0.013333  0.013514  0.123711  ...  0.000000  0.000000  0.0
689            0.025974  0.012987  0.046729  ...  0.081633  0.000000  0.0
784            0.036364  0.000000  0.034483  ...       NaN  0.017241  0.0
794            0.075949  0.037037  0.053571  ...  0.017241       NaN  0.0
894            0.000000  0.000000  0.000000  ...  0.000000  0.000000  NaN

[21 rows x 21 columns]
