ingredient_id       528       531       534  ...       652       661  689
ingredient_id                                ...                         
528                 NaN  0.272727  0.272727  ...  0.000000  0.000000  0.0
531            0.272727       NaN  0.153846  ...  0.000000  0.000000  0.0
534            0.272727  0.153846       NaN  ...  0.000000  0.200000  0.0
535            0.076923  0.153846  0.153846  ...  0.000000  0.090909  0.0
553            0.100000  0.090909  0.000000  ...  0.000000  0.000000  0.0
559            0.000000  0.153846  0.000000  ...  0.000000  0.000000  0.0
563            0.000000  0.000000  0.000000  ...  0.000000  0.000000  0.2
564            0.125000  0.187500  0.000000  ...  0.083333  0.000000  0.0
565            0.000000  0.000000  0.000000  ...  0.000000  0.000000  0.0
592            0.153846  0.142857  0.142857  ...  0.000000  0.000000  0.0
606            0.200000  0.083333  0.181818  ...  0.000000  0.000000  0.0
616            0.250000  0.100000  0.222222  ...  0.000000  0.000000  0.0
622            0.000000  0.000000  0.083333  ...  0.000000  0.250000  0.0
623            0.000000  0.045455  0.000000  ...  0.062500  0.052632  0.0
633            0.000000  0.000000  0.000000  ...  0.250000  0.000000  0.0
652            0.000000  0.000000  0.000000  ...       NaN  0.000000  0.0
661            0.000000  0.000000  0.200000  ...  0.000000       NaN  0.0
689            0.000000  0.000000  0.000000  ...  0.000000  0.000000  NaN

[18 rows x 18 columns]
